#Date        Time         gpu     fb   bar1   ccpm     sm    mem    enc    dec    jpg    ofa 
#YYYYMMDD    HH:MM:SS     Idx     MB     MB     MB      %      %      %      %      %      % 
 20260814    13:01:24       0      0      1      0      0      0      0      0      0      0 
 20260814    13:01:24       1      0      1      0      2      0      0      0      0      0 
 20260814    13:01:25       0      0      1      0      0      0      0      0      0      0 
 20260814    13:01:25       1      0      1      0      0      0      0      0      0      0 
 20260814    13:01:26       0      0      1      0      0      0      0      0      0      0 
 20260814    13:01:26       1      0      1      0      0      0      0      0      0      0 
 20260814    13:01:27       0      0      1      0      0      0      0      0      0      0 
 20260814    13:01:27       1      0      1      0      0      0      0      0      0      0 
 20260814    13:01:28       0      0      1      0      0      0      0      0      0      0 
 20260814    13:01:28       1      0      1      0      0      0      0      0      0      0 
 20260814    13:01:29       0      0      1      0      0      0      0      0      0      0 
 20260814    13:01:29       1      0      1      0      0      0      0      0      0      0 
 20260814    13:01:30       0      0      1      0      0      0      0      0      0      0 
 20260814    13:01:30       1      0      1      0      0      0      0      0      0      0 
 20260814    13:01:31       0      0      1      0      0      0      0      0      0      0 
 20260814    13:01:31       1      0      1      0      0      0      0      0      0      0 
 20260814    13:01:32       0      0      1      0      0      0      0      0      0      0 
 20260814    13:01:32       1      0      1      0      0      0      0      0      0      0 
 20260814    13:01:33       0      0      1      0      0      0      0      0      0      0 
 20260814    13:01:33       1      0      1      0      0      0      0      0      0      0 
 20260814    13:01:34       0      0      1      0      0      0      0      0      0      0 
 20260814    13:01:34       1      0      1      0      0      0      0      0      0      0 
 20260814    13:01:35       0      0      1      0      0      0      0      0      0      0 
 20260814    13:01:35       1      0      1      0      0      0      0      0      0      0 
 20260814    13:01:36       0      0      1      0      0      0      0      0      0      0 
 20260814    13:01:36       1      0      1      0      0      0      0      0      0      0 
 20260814    13:01:37       0      0      1      0      0      0      0      0      0      0 
 20260814    13:01:37       1      0      1      0      0      0      0      0      0      0 
 20260814    13:01:38       0      3      2      0      0      0      0      0      0      0 
 20260814    13:01:38       1      1      1      0      0      0      0      0      0      0 
 20260814    13:01:39       0   2263      4      0      6      0      0      0      0      0 
 20260814    13:01:39       1      3      2      0      0      0      0      0      0      0 
 20260814    13:01:40       0   2263      4      0      0      0      0      0      0      0 
 20260814    13:01:40       1   2263      4      0     12      3      0      0      0      0 
 20260814    13:01:41       0  16319      4      0      1      0      0      0      0      0 
 20260814    13:01:41       1   6823      4      0      3      2      0      0      0      0 
 20260814    13:01:42       0  16319      4      0    100     87      0      0      0      0 
 20260814    13:01:42       1   6823      4      0    100     79      0      0      0      0 
 20260814    13:01:43       0  35305      4      0     46     54      0      0      0      0 
 20260814    13:01:43       1  35303      4      0    100     59      0      0      0      0 
 20260814    13:01:44       0  35305      4      0    100     90      0      0      0      0 
 20260814    13:01:44       1  35303      4      0    100     94      0      0      0      0 
 20260814    13:01:45       0  35305      4      0    100     62      0      0      0      0 
 20260814    13:01:45       1  35303      4      0    100     60      0      0      0      0 
#Date        Time         gpu     fb   bar1   ccpm     sm    mem    enc    dec    jpg    ofa 
#YYYYMMDD    HH:MM:SS     Idx     MB     MB     MB      %      %      %      %      %      % 
 20260814    13:01:46       0  35305      4      0    100     90      0      0      0      0 
 20260814    13:01:46       1  35303      4      0    100     85      0      0      0      0 
 20260814    13:01:47       0  35305      4      0    100     62      0      0      0      0 
 20260814    13:01:47       1  35303      4      0    100     60      0      0      0      0 
 20260814    13:01:48       0  35305      4      0    100     89      0      0      0      0 
 20260814    13:01:48       1  35303      4      0    100     90      0      0      0      0 
 20260814    13:01:49       0  35305      4      0    100     62      0      0      0      0 
 20260814    13:01:49       1  35303      4      0    100     60      0      0      0      0 
 20260814    13:01:50       0  35305      4      0    100     84      0      0      0      0 
 20260814    13:01:50       1  35303      4      0    100     87      0      0      0      0 
 20260814    13:01:51       0  35305      4      0    100     62      0      0      0      0 
 20260814    13:01:51       1  35303      4      0    100     60      0      0      0      0 
 20260814    13:01:52       0  35305      4      0    100     90      0      0      0      0 
 20260814    13:01:52       1  35303      4      0    100     84      0      0      0      0 
 20260814    13:01:53       0  35305      4      0    100     62      0      0      0      0 
 20260814    13:01:53       1  35303      4      0    100     73      0      0      0      0 
 20260814    13:01:54       0  35305      4      0    100     91      0      0      0      0 
 20260814    13:01:54       1  35303      4      0    100     93      0      0      0      0 
 20260814    13:01:55       0  35305      4      0    100     66      0      0      0      0 
 20260814    13:01:55       1  35303      4      0    100     84      0      0      0      0 
 20260814    13:01:56       0  35305      4      0    100     92      0      0      0      0 
 20260814    13:01:56       1  35303      4      0    100     93      0      0      0      0 
 20260814    13:01:57       0  35305      4      0    100    100      0      0      0      0 
 20260814    13:01:57       1  35303      4      0     84    100      0      0      0      0 
 20260814    13:01:58       0  35305      4      0    100     86      0      0      0      0 
 20260814    13:01:58       1  35303      4      0    100     89      0      0      0      0 
 20260814    13:01:59       0  35305      4      0    100    100      0      0      0      0 
 20260814    13:01:59       1  35303      4      0     73     88      0      0      0      0 
 20260814    13:02:00       0  35305      4      0    100     84      0      0      0      0 
 20260814    13:02:00       1  35303      4      0    100     81      0      0      0      0 
 20260814    13:02:01       0  35305      4      0     91    100      0      0      0      0 
 20260814    13:02:01       1  35303      4      0     58     69      0      0      0      0 
 20260814    13:02:02       0  35305      4      0    100     84      0      0      0      0 
 20260814    13:02:02       1  35303      4      0    100     89      0      0      0      0 
 20260814    13:02:03       0  35305      4      0     47     57      0      0      0      0 
 20260814    13:02:03       1  35303      4      0      5      5      0      0      0      0 
 20260814    13:02:04       0  35305      4      0    100     83      0      0      0      0 
 20260814    13:02:04       1  35303      4      0    100     85      0      0      0      0 
 20260814    13:02:05       0  35305      4      0     41     50      0      0      0      0 
 20260814    13:02:05       1  35303      4      0      2      2      0      0      0      0 
 20260814    13:02:06       0  35305      4      0    100     89      0      0      0      0 
 20260814    13:02:06       1  35303      4      0    100     80      0      0      0      0 
 20260814    13:02:07       0  35305      4      0     14     17      0      0      0      0 
 20260814    13:02:07       1  35303      4      0      0      0      0      0      0      0 
#Date        Time         gpu     fb   bar1   ccpm     sm    mem    enc    dec    jpg    ofa 
#YYYYMMDD    HH:MM:SS     Idx     MB     MB     MB      %      %      %      %      %      % 
 20260814    13:02:08       0  35305      4      0    100     83      0      0      0      0 
 20260814    13:02:08       1  35303      4      0    100     90      0      0      0      0 
 20260814    13:02:09       0  35305      4      0      0      0      0      0      0      0 
 20260814    13:02:09       1  35303      4      0     33     37      0      0      0      0 
 20260814    13:02:10       0  35305      4      0    100     92      0      0      0      0 
 20260814    13:02:10       1  35303      4      0    100     88      0      0      0      0 
 20260814    13:02:11       0  35305      4      0      5      4      0      0      0      0 
 20260814    13:02:11       1  35303      4      0     67     61      0      0      0      0 
 20260814    13:02:12       0  35305      4      0    100     82      0      0      0      0 
 20260814    13:02:12       1  35303      4      0    100     84      0      0      0      0 
 20260814    13:02:13       0  35305      4      0     43     44      0      0      0      0 
 20260814    13:02:13       1  35303      4      0    100     95      0      0      0      0 
 20260814    13:02:14       0  35305      4      0    100     91      0      0      0      0 
 20260814    13:02:14       1  35303      4      0    100     94      0      0      0      0 
 20260814    13:02:15       0  35305      4      0    100     93      0      0      0      0 
 20260814    13:02:15       1  35303      4      0    100     90      0      0      0      0 
 20260814    13:02:16       0  35305      4      0    100     90      0      0      0      0 
 20260814    13:02:16       1  35303      4      0    100     92      0      0      0      0 
 20260814    13:02:17       0  35305      4      0    100     94      0      0      0      0 
 20260814    13:02:17       1  35303      4      0    100     93      0      0      0      0 
 20260814    13:02:18       0  35305      4      0    100     92      0      0      0      0 
 20260814    13:02:18       1  35303      4      0    100     94      0      0      0      0 
 20260814    13:02:19       0  35305      4      0    100     88      0      0      0      0 
 20260814    13:02:19       1  35303      4      0    100     85      0      0      0      0 
 20260814    13:02:20       0  35305      4      0    100     87      0      0      0      0 
 20260814    13:02:20       1  35303      4      0    100     81      0      0      0      0 
 20260814    13:02:21       0  35305      4      0    100     93      0      0      0      0 
 20260814    13:02:21       1  35303      4      0    100     92      0      0      0      0 
 20260814    13:02:22       0  35305      4      0    100     91      0      0      0      0 
 20260814    13:02:22       1  35303      4      0    100     94      0      0      0      0 
 20260814    13:02:23       0  35305      4      0    100     92      0      0      0      0 
 20260814    13:02:23       1  35303      4      0    100     94      0      0      0      0 
 20260814    13:02:24       0  35305      4      0    100     91      0      0      0      0 
 20260814    13:02:24       1  35303      4      0    100     88      0      0      0      0 
 20260814    13:02:25       0  35305      4      0    100     91      0      0      0      0 
 20260814    13:02:25       1  35303      4      0    100     88      0      0      0      0 
 20260814    13:02:26       0  35305      4      0    100     90      0      0      0      0 
 20260814    13:02:26       1  35303      4      0    100     83      0      0      0      0 
 20260814    13:02:27       0  35305      4      0    100     92      0      0      0      0 
 20260814    13:02:27       1  35303      4      0    100     92      0      0      0      0 
 20260814    13:02:28       0  35305      4      0    100     93      0      0      0      0 
 20260814    13:02:28       1  35303      4      0    100     94      0      0      0      0 
 20260814    13:02:29       0  35305      4      0    100     91      0      0      0      0 
 20260814    13:02:29       1  35303      4      0    100     89      0      0      0      0 
#Date        Time         gpu     fb   bar1   ccpm     sm    mem    enc    dec    jpg    ofa 
#YYYYMMDD    HH:MM:SS     Idx     MB     MB     MB      %      %      %      %      %      % 
 20260814    13:02:30       0  35305      4      0    100     90      0      0      0      0 
 20260814    13:02:30       1  35303      4      0    100     79      0      0      0      0 
 20260814    13:02:31       0  35305      4      0    100     85      0      0      0      0 
 20260814    13:02:31       1  35303      4      0    100     81      0      0      0      0 
 20260814    13:02:32       0  35305      4      0    100     72      0      0      0      0 
 20260814    13:02:32       1  35303      4      0    100     85      0      0      0      0 
 20260814    13:02:33       0  35305      4      0    100     81      0      0      0      0 
 20260814    13:02:33       1  35303      4      0    100     89      0      0      0      0 
 20260814    13:02:34       0  35305      4      0    100     61      0      0      0      0 
 20260814    13:02:34       1  35303      4      0    100     61      0      0      0      0 
 20260814    13:02:35       0  35305      4      0    100     95      0      0      0      0 
 20260814    13:02:35       1  35303      4      0    100     88      0      0      0      0 
 20260814    13:02:36       0  35305      4      0    100     93      0      0      0      0 
 20260814    13:02:36       1  35303      4      0    100     87      0      0      0      0 
 20260814    13:02:37       0  35305      4      0    100     61      0      0      0      0 
 20260814    13:02:37       1  35303      4      0    100     59      0      0      0      0 
 20260814    13:02:38       0  35305      4      0    100     82      0      0      0      0 
 20260814    13:02:38       1  35303      4      0    100     85      0      0      0      0 
 20260814    13:02:39       0  35305      4      0    100    100      0      0      0      0 
 20260814    13:02:39       1  35303      4      0    100     66      0      0      0      0 
 20260814    13:02:40       0  35305      4      0    100     83      0      0      0      0 
 20260814    13:02:40       1  35303      4      0    100     85      0      0      0      0 
 20260814    13:02:41       0  35305      4      0     46     56      0      0      0      0 
 20260814    13:02:41       1  35303      4      0    100    100      0      0      0      0 
 20260814    13:02:42       0  35305      4      0    100     92      0      0      0      0 
 20260814    13:02:42       1  35303      4      0    100     82      0      0      0      0 
 20260814    13:02:43       0  35305      4      0      0      0      0      0      0      0 
 20260814    13:02:43       1  35303      4      0     65     79      0      0      0      0 
 20260814    13:02:44       0  35305      4      0    100     91      0      0      0      0 
 20260814    13:02:44       1  35303      4      0    100     92      0      0      0      0 
 20260814    13:02:45       0  35305      4      0      0      0      0      0      0      0 
 20260814    13:02:45       1  35303      4      0     16     19      0      0      0      0 
 20260814    13:02:46       0  35305      4      0    100     89      0      0      0      0 
 20260814    13:02:46       1  35303      4      0    100     92      0      0      0      0 
 20260814    13:02:47       0  35305      4      0      0      0      0      0      0      0 
 20260814    13:02:47       1  35303      4      0     20     24      0      0      0      0 
 20260814    13:02:48       0  35305      4      0    100     83      0      0      0      0 
 20260814    13:02:48       1  35303      4      0    100     84      0      0      0      0 
 20260814    13:02:49       0  35305      4      0     15     15      0      0      0      0 
 20260814    13:02:49       1  35303      4      0      0      0      0      0      0      0 
 20260814    13:02:50       0  35305      4      0    100     83      0      0      0      0 
 20260814    13:02:50       1  35303      4      0    100     89      0      0      0      0 
 20260814    13:02:51       0  35305      4      0     34     37      0      0      0      0 
 20260814    13:02:51       1  35303      4      0      0      0      0      0      0      0 
#Date        Time         gpu     fb   bar1   ccpm     sm    mem    enc    dec    jpg    ofa 
#YYYYMMDD    HH:MM:SS     Idx     MB     MB     MB      %      %      %      %      %      % 
 20260814    13:02:52       0  35305      4      0    100     92      0      0      0      0 
 20260814    13:02:52       1  35303      4      0    100     91      0      0      0      0 
 20260814    13:02:53       0  35305      4      0     69     62      0      0      0      0 
 20260814    13:02:53       1  35303      4      0     31     34      0      0      0      0 
 20260814    13:02:54       0  35305      4      0    100     79      0      0      0      0 
 20260814    13:02:54       1  35303      4      0    100     84      0      0      0      0 
 20260814    13:02:55       0  35305      4      0    100     95      0      0      0      0 
 20260814    13:02:55       1  35303      4      0     64     59      0      0      0      0 
 20260814    13:02:56       0  35305      4      0    100     94      0      0      0      0 
 20260814    13:02:56       1  35303      4      0    100     90      0      0      0      0 
 20260814    13:02:57       0  35305      4      0    100     83      0      0      0      0 
 20260814    13:02:57       1  35303      4      0     93     89      0      0      0      0 
 20260814    13:02:58       0  35305      4      0    100     80      0      0      0      0 
 20260814    13:02:58       1  35303      4      0    100     82      0      0      0      0 
 20260814    13:02:59       0  35305      4      0    100     88      0      0      0      0 
 20260814    13:02:59       1  35303      4      0    100     94      0      0      0      0 
 20260814    13:03:00       0  35305      4      0    100     85      0      0      0      0 
 20260814    13:03:00       1  35303      4      0    100     91      0      0      0      0 
 20260814    13:03:01       0  35305      4      0    100     91      0      0      0      0 
 20260814    13:03:01       1  35303      4      0    100     91      0      0      0      0 
 20260814    13:03:02       0  35305      4      0    100     88      0      0      0      0 
 20260814    13:03:02       1  35303      4      0    100     92      0      0      0      0 
 20260814    13:03:03       0  35305      4      0    100     90      0      0      0      0 
 20260814    13:03:03       1  35303      4      0    100     84      0      0      0      0 
 20260814    13:03:04       0  35305      4      0    100     92      0      0      0      0 
 20260814    13:03:04       1  35303      4      0    100     81      0      0      0      0 
 20260814    13:03:05       0  35305      4      0    100     83      0      0      0      0 
 20260814    13:03:05       1  35303      4      0    100     89      0      0      0      0 
 20260814    13:03:06       0  35305      4      0    100     87      0      0      0      0 
 20260814    13:03:06       1  35303      4      0    100     81      0      0      0      0 
 20260814    13:03:07       0  35305      4      0    100     84      0      0      0      0 
 20260814    13:03:07       1  35303      4      0    100     88      0      0      0      0 
 20260814    13:03:08       0  35305      4      0    100     87      0      0      0      0 
 20260814    13:03:08       1  35303      4      0    100     81      0      0      0      0 
 20260814    13:03:09       0  35305      4      0    100     88      0      0      0      0 
 20260814    13:03:09       1  35303      4      0    100     84      0      0      0      0 
 20260814    13:03:10       0  35305      4      0    100     88      0      0      0      0 
 20260814    13:03:10       1  35303      4      0    100     82      0      0      0      0 
 20260814    13:03:11       0  35305      4      0    100     83      0      0      0      0 
 20260814    13:03:11       1  35303      4      0    100     93      0      0      0      0 
 20260814    13:03:12       0  35305      4      0    100     81      0      0      0      0 
 20260814    13:03:12       1  35303      4      0    100     85      0      0      0      0 
 20260814    13:03:13       0  35305      4      0    100     92      0      0      0      0 
 20260814    13:03:13       1  35303      4      0    100     81      0      0      0      0 
#Date        Time         gpu     fb   bar1   ccpm     sm    mem    enc    dec    jpg    ofa 
#YYYYMMDD    HH:MM:SS     Idx     MB     MB     MB      %      %      %      %      %      % 
 20260814    13:03:14       0  35305      4      0    100     93      0      0      0      0 
 20260814    13:03:14       1  35303      4      0    100     88      0      0      0      0 
 20260814    13:03:15       0  35305      4      0    100     83      0      0      0      0 
 20260814    13:03:15       1  35303      4      0    100     86      0      0      0      0 
 20260814    13:03:16       0  35305      4      0    100     86      0      0      0      0 
 20260814    13:03:16       1  35303      4      0    100     80      0      0      0      0 
 20260814    13:03:17       0  35305      4      0    100     94      0      0      0      0 
 20260814    13:03:17       1  35303      4      0    100     87      0      0      0      0 
 20260814    13:03:19       0  35305      4      0    100     89      0      0      0      0 
 20260814    13:03:19       1  35303      4      0    100     92      0      0      0      0 
 20260814    13:03:20       0  35305      4      0    100     90      0      0      0      0 
 20260814    13:03:20       1  35303      4      0    100     89      0      0      0      0 
 20260814    13:03:21       0  35305      4      0    100     89      0      0      0      0 
 20260814    13:03:21       1  35303      4      0    100     93      0      0      0      0 
 20260814    13:03:22       0  35305      4      0    100     84      0      0      0      0 
 20260814    13:03:22       1  35303      4      0    100     93      0      0      0      0 
 20260814    13:03:23       0  35305      4      0    100     82      0      0      0      0 
 20260814    13:03:23       1  35303      4      0    100     86      0      0      0      0 
 20260814    13:03:24       0  35305      4      0    100     94      0      0      0      0 
 20260814    13:03:24       1  35303      4      0    100     84      0      0      0      0 
 20260814    13:03:25       0  35305      4      0    100     93      0      0      0      0 
 20260814    13:03:25       1  35303      4      0    100     93      0      0      0      0 
 20260814    13:03:26       0  35305      4      0    100     88      0      0      0      0 
 20260814    13:03:26       1  35303      4      0    100     82      0      0      0      0 
 20260814    13:03:27       0  35305      4      0    100     91      0      0      0      0 
 20260814    13:03:27       1  35303      4      0    100     88      0      0      0      0 
 20260814    13:03:28       0  35305      4      0    100     92      0      0      0      0 
 20260814    13:03:28       1  35303      4      0    100     80      0      0      0      0 
 20260814    13:03:29       0  35305      4      0    100     93      0      0      0      0 
 20260814    13:03:29       1  35303      4      0    100     89      0      0      0      0 
 20260814    13:03:30       0  35305      4      0    100     85      0      0      0      0 
 20260814    13:03:30       1  35303      4      0    100     92      0      0      0      0 
 20260814    13:03:31       0  35305      4      0    100     80      0      0      0      0 
 20260814    13:03:31       1  35303      4      0    100     86      0      0      0      0 
 20260814    13:03:32       0  35305      4      0    100     93      0      0      0      0 
 20260814    13:03:32       1  35303      4      0    100     83      0      0      0      0 
 20260814    13:03:33       0  35305      4      0    100     78      0      0      0      0 
 20260814    13:03:33       1  35303      4      0    100     91      0      0      0      0 
 20260814    13:03:34       0  35305      4      0    100     83      0      0      0      0 
 20260814    13:03:34       1  35303      4      0    100     92      0      0      0      0 
 20260814    13:03:35       0  35305      4      0    100     63      0      0      0      0 
 20260814    13:03:35       1  35303      4      0    100     78      0      0      0      0 
 20260814    13:03:36       0  35305      4      0    100     92      0      0      0      0 
 20260814    13:03:36       1  35303      4      0    100     78      0      0      0      0 
#Date        Time         gpu     fb   bar1   ccpm     sm    mem    enc    dec    jpg    ofa 
#YYYYMMDD    HH:MM:SS     Idx     MB     MB     MB      %      %      %      %      %      % 
 20260814    13:03:37       0  35305      4      0    100     61      0      0      0      0 
 20260814    13:03:37       1  35303      4      0    100     74      0      0      0      0 
 20260814    13:03:38       0  35305      4      0    100     93      0      0      0      0 
 20260814    13:03:38       1  35303      4      0    100     87      0      0      0      0 
 20260814    13:03:39       0  35305      4      0    100     60      0      0      0      0 
 20260814    13:03:39       1  35303      4      0    100     59      0      0      0      0 
 20260814    13:03:40       0  35305      4      0    100     81      0      0      0      0 
 20260814    13:03:40       1  35303      4      0    100     88      0      0      0      0 
 20260814    13:03:41       0  35305      4      0    100     61      0      0      0      0 
 20260814    13:03:41       1  35303      4      0    100     58      0      0      0      0 
 20260814    13:03:42       0  35305      4      0    100     85      0      0      0      0 
 20260814    13:03:42       1  35303      4      0    100     92      0      0      0      0 
 20260814    13:03:43       0  35305      4      0    100     60      0      0      0      0 
 20260814    13:03:43       1  35303      4      0    100     58      0      0      0      0 
 20260814    13:03:44       0  35305      4      0    100     79      0      0      0      0 
 20260814    13:03:44       1  35303      4      0    100     84      0      0      0      0 
 20260814    13:03:45       0  35305      4      0    100     64      0      0      0      0 
 20260814    13:03:45       1  35303      4      0    100     59      0      0      0      0 
 20260814    13:03:46       0  35305      4      0    100     89      0      0      0      0 
 20260814    13:03:46       1  35303      4      0    100     90      0      0      0      0 
 20260814    13:03:47       0  35305      4      0    100     79      0      0      0      0 
 20260814    13:03:47       1  35303      4      0    100     59      0      0      0      0 
 20260814    13:03:48       0  35305      4      0    100     89      0      0      0      0 
 20260814    13:03:48       1  35303      4      0    100     81      0      0      0      0 
 20260814    13:03:49       0  35305      4      0    100     95      0      0      0      0 
 20260814    13:03:49       1  35303      4      0    100     58      0      0      0      0 
 20260814    13:03:50       0  35305      4      0    100     92      0      0      0      0 
 20260814    13:03:50       1  35303      4      0    100     83      0      0      0      0 
 20260814    13:03:51       0  35305      4      0    100     87      0      0      0      0 
 20260814    13:03:51       1  35303      4      0    100     58      0      0      0      0 
 20260814    13:03:52       0  35305      4      0    100     78      0      0      0      0 
 20260814    13:03:52       1  35303      4      0    100     76      0      0      0      0 
 20260814    13:03:53       0  35305      4      0    100     94      0      0      0      0 
 20260814    13:03:53       1  35303      4      0    100     84      0      0      0      0 
 20260814    13:03:54       0  35305      4      0    100     90      0      0      0      0 
 20260814    13:03:54       1  35303      4      0    100     89      0      0      0      0 
 20260814    13:03:55       0  35305      4      0    100     81      0      0      0      0 
 20260814    13:03:55       1  35303      4      0    100     93      0      0      0      0 
 20260814    13:03:56       0  35305      4      0    100     81      0      0      0      0 
 20260814    13:03:56       1  35303      4      0    100     84      0      0      0      0 
 20260814    13:03:57       0  35305      4      0    100     78      0      0      0      0 
 20260814    13:03:57       1  35303      4      0    100     83      0      0      0      0 
 20260814    13:03:58       0  35305      4      0    100     61      0      0      0      0 
 20260814    13:03:58       1  35303      4      0    100     66      0      0      0      0 
#Date        Time         gpu     fb   bar1   ccpm     sm    mem    enc    dec    jpg    ofa 
#YYYYMMDD    HH:MM:SS     Idx     MB     MB     MB      %      %      %      %      %      % 
 20260814    13:03:59       0  35305      4      0    100     77      0      0      0      0 
 20260814    13:03:59       1  35303      4      0    100     79      0      0      0      0 
 20260814    13:04:00       0  35305      4      0    100     85      0      0      0      0 
 20260814    13:04:00       1  35303      4      0     60     52      0      0      0      0 
 20260814    13:04:01       0  35305      4      0    100     78      0      0      0      0 
 20260814    13:04:01       1  35303      4      0    100     80      0      0      0      0 
 20260814    13:04:02       0  35305      4      0    100     81      0      0      0      0 
 20260814    13:04:02       1  35303      4      0    100     75      0      0      0      0 
 20260814    13:04:03       0  35305      4      0     49     59      0      0      0      0 
 20260814    13:04:03       1  35303      4      0    100    100      0      0      0      0 
 20260814    13:04:04       0  35305      4      0    100     82      0      0      0      0 
 20260814    13:04:04       1  35303      4      0    100     79      0      0      0      0 
 20260814    13:04:05       0  35305      4      0    100     84      0      0      0      0 
 20260814    13:04:05       1  35303      4      0    100     77      0      0      0      0 
 20260814    13:04:06       0  35305      4      0    100     60      0      0      0      0 
 20260814    13:04:06       1  35303      4      0    100     59      0      0      0      0 
 20260814    13:04:07       0  35305      4      0    100     77      0      0      0      0 
 20260814    13:04:07       1  35303      4      0    100     75      0      0      0      0 
 20260814    13:04:08       0  35305      4      0    100     82      0      0      0      0 
 20260814    13:04:08       1  35303      4      0     73     64      0      0      0      0 
 20260814    13:04:09       0  35305      4      0    100     81      0      0      0      0 
 20260814    13:04:09       1  35303      4      0    100     75      0      0      0      0 
 20260814    13:04:10       0  35305      4      0    100     80      0      0      0      0 
 20260814    13:04:10       1  35303      4      0    100     82      0      0      0      0 
 20260814    13:04:11       0  35305      4      0     12     14      0      0      0      0 
 20260814    13:04:11       1  35303      4      0     66     79      0      0      0      0 
 20260814    13:04:12       0  35305      4      0    100     84      0      0      0      0 
 20260814    13:04:12       1  35303      4      0    100     81      0      0      0      0 
 20260814    13:04:13       0  35305      4      0    100     78      0      0      0      0 
 20260814    13:04:13       1  35303      4      0    100     78      0      0      0      0 
 20260814    13:04:14       0  35305      4      0    100     60      0      0      0      0 
 20260814    13:04:14       1  35303      4      0    100     58      0      0      0      0 
 20260814    13:04:15       0  35305      4      0    100     83      0      0      0      0 
 20260814    13:04:15       1  35303      4      0    100     79      0      0      0      0 
 20260814    13:04:16       0  35305      4      0    100     77      0      0      0      0 
 20260814    13:04:16       1  35303      4      0    100     78      0      0      0      0 
 20260814    13:04:17       0  35305      4      0    100     60      0      0      0      0 
 20260814    13:04:17       1  35303      4      0    100     59      0      0      0      0 
 20260814    13:04:18       0  35305      4      0    100     79      0      0      0      0 
 20260814    13:04:18       1  35303      4      0    100     75      0      0      0      0 
 20260814    13:04:19       0  35305      4      0    100     76      0      0      0      0 
 20260814    13:04:19       1  35303      4      0    100     81      0      0      0      0 
 20260814    13:04:20       0  35305      4      0    100     60      0      0      0      0 
 20260814    13:04:20       1  35303      4      0    100     59      0      0      0      0 
#Date        Time         gpu     fb   bar1   ccpm     sm    mem    enc    dec    jpg    ofa 
#YYYYMMDD    HH:MM:SS     Idx     MB     MB     MB      %      %      %      %      %      % 
 20260814    13:04:21       0  35305      4      0    100     82      0      0      0      0 
 20260814    13:04:21       1  35303      4      0    100     75      0      0      0      0 
 20260814    13:04:22       0  35305      4      0    100     79      0      0      0      0 
 20260814    13:04:22       1  35303      4      0    100     76      0      0      0      0 
 20260814    13:04:23       0  35305      4      0     56     51      0      0      0      0 
 20260814    13:04:23       1  35303      4      0     17     18      0      0      0      0 
 20260814    13:04:24       0  35305      4      0    100     61      0      0      0      0 
 20260814    13:04:24       1  35303      4      0    100     65      0      0      0      0 
 20260814    13:04:25       0  35305      4      0    100     82      0      0      0      0 
 20260814    13:04:25       1  35303      4      0    100     81      0      0      0      0 
 20260814    13:04:26       0  35305      4      0    100     79      0      0      0      0 
 20260814    13:04:26       1  35303      4      0    100     79      0      0      0      0 
 20260814    13:04:27       0  35305      4      0     24     29      0      0      0      0 
 20260814    13:04:27       1  35303      4      0     84     95      0      0      0      0 
 20260814    13:04:28       0  35305      4      0    100     70      0      0      0      0 
 20260814    13:04:28       1  35303      4      0    100     74      0      0      0      0 
 20260814    13:04:29       0  35305      4      0    100     78      0      0      0      0 
 20260814    13:04:29       1  35303      4      0    100     77      0      0      0      0 
 20260814    13:04:30       0  35305      4      0    100     77      0      0      0      0 
 20260814    13:04:30       1  35303      4      0    100     77      0      0      0      0 
 20260814    13:04:31       0  35305      4      0    100     60      0      0      0      0 
 20260814    13:04:31       1  35303      4      0    100     59      0      0      0      0 
 20260814    13:04:32       0  35305      4      0    100     74      0      0      0      0 
 20260814    13:04:32       1  35303      4      0    100     74      0      0      0      0 
 20260814    13:04:33       0  35305      4      0    100     74      0      0      0      0 
 20260814    13:04:33       1  35303      4      0    100     76      0      0      0      0 
 20260814    13:04:34       0  35305      4      0    100     81      0      0      0      0 
 20260814    13:04:34       1  35303      4      0    100     82      0      0      0      0 
 20260814    13:04:35       0  35305      4      0     61     73      0      0      0      0 
 20260814    13:04:35       1  35303      4      0    100     75      0      0      0      0 
 20260814    13:04:36       0  35305      4      0    100     58      0      0      0      0 
 20260814    13:04:36       1  35303      4      0    100     66      0      0      0      0 
 20260814    13:04:37       0  35305      4      0    100     74      0      0      0      0 
 20260814    13:04:37       1  35303      4      0    100     72      0      0      0      0 
 20260814    13:04:38       0  35305      4      0    100     71      0      0      0      0 
 20260814    13:04:38       1  35303      4      0    100     71      0      0      0      0 
 20260814    13:04:39       0  35305      4      0      8      8      0      0      0      0 
 20260814    13:04:39       1  35303      4      0      0      0      0      0      0      0 
 20260814    13:04:40       0  35305      4      0    100     17      0      0      0      0 
 20260814    13:04:40       1  35303      4      0    100     21      0      0      0      0 
 20260814    13:04:41       0  35305      4      0    100     71      0      0      0      0 
 20260814    13:04:41       1  35303      4      0    100     72      0      0      0      0 
 20260814    13:04:42       0  35305      4      0    100     78      0      0      0      0 
 20260814    13:04:42       1  35303      4      0    100     72      0      0      0      0 
#Date        Time         gpu     fb   bar1   ccpm     sm    mem    enc    dec    jpg    ofa 
#YYYYMMDD    HH:MM:SS     Idx     MB     MB     MB      %      %      %      %      %      % 
 20260814    13:04:43       0  35305      4      0    100     74      0      0      0      0 
 20260814    13:04:43       1  35303      4      0    100     73      0      0      0      0 
 20260814    13:04:44       0  35305      4      0    100     81      0      0      0      0 
 20260814    13:04:44       1  35303      4      0    100     82      0      0      0      0 
 20260814    13:04:45       0  35305      4      0     79     90      0      0      0      0 
 20260814    13:04:45       1  35303      4      0    100     80      0      0      0      0 
 20260814    13:04:46       0  35305      4      0    100     58      0      0      0      0 
 20260814    13:04:46       1  35303      4      0    100     58      0      0      0      0 
 20260814    13:04:47       0  35305      4      0    100     65      0      0      0      0 
 20260814    13:04:47       1  35303      4      0    100     72      0      0      0      0 
 20260814    13:04:48       0  35305      4      0    100     73      0      0      0      0 
 20260814    13:04:48       1  35303      4      0    100     73      0      0      0      0 
 20260814    13:04:49       0  35305      4      0    100     71      0      0      0      0 
 20260814    13:04:49       1  35303      4      0    100     73      0      0      0      0 
 20260814    13:04:50       0  35305      4      0    100     76      0      0      0      0 
 20260814    13:04:50       1  35303      4      0    100     73      0      0      0      0 
 20260814    13:04:51       0  35305      4      0    100     77      0      0      0      0 
 20260814    13:04:51       1  35303      4      0    100     78      0      0      0      0 
 20260814    13:04:52       0  35305      4      0    100     74      0      0      0      0 
 20260814    13:04:52       1  35303      4      0    100     74      0      0      0      0 
 20260814    13:04:53       0  35305      4      0    100     81      0      0      0      0 
 20260814    13:04:53       1  35303      4      0    100     79      0      0      0      0 
 20260814    13:04:54       0  35305      4      0     23     20      0      0      0      0 
 20260814    13:04:54       1  35303      4      0      0      0      0      0      0      0 
 20260814    13:04:55       0  35305      4      0      0      0      0      0      0      0 
 20260814    13:04:55       1  35303      4      0     53     64      0      0      0      0 
 20260814    13:04:56       0  35305      4      0     59     71      0      0      0      0 
 20260814    13:04:56       1  35303      4      0    100     69      0      0      0      0 
 20260814    13:04:57       0  35305      4      0     92     80      0      0      0      0 
 20260814    13:04:57       1  35303      4      0    100     38      0      0      0      0 
 20260814    13:04:58       0  35305      4      0     72     79      0      0      0      0 
 20260814    13:04:58       1  35303      4      0    100     79      0      0      0      0 
 20260814    13:04:59       0  35305      4      0     80     76      0      0      0      0 
 20260814    13:04:59       1  35303      4      0    100     50      0      0      0      0 
 20260814    13:05:00       0  35305      4      0     44     53      0      0      0      0 
 20260814    13:05:00       1  35303      4      0     94     90      0      0      0      0 
 20260814    13:05:01       0  35305      4      0     22     27      0      0      0      0 
 20260814    13:05:01       1  35303      4      0     74     78      0      0      0      0 
 20260814    13:05:02       0  35305      4      0     17     20      0      0      0      0 
 20260814    13:05:02       1  35303      4      0     68     73      0      0      0      0 
 20260814    13:05:03       0  35305      4      0      0      0      0      0      0      0 
 20260814    13:05:03       1  35303      4      0     35     42      0      0      0      0 
 20260814    13:05:04       0  35305      4      0      0      0      0      0      0      0 
 20260814    13:05:04       1  35303      4      0     45     54      0      0      0      0 
#Date        Time         gpu     fb   bar1   ccpm     sm    mem    enc    dec    jpg    ofa 
#YYYYMMDD    HH:MM:SS     Idx     MB     MB     MB      %      %      %      %      %      % 
 20260814    13:05:05       0  35305      4      0     21     19      0      0      0      0 
 20260814    13:05:05       1  35303      4      0     45     54      0      0      0      0 
 20260814    13:05:06       0  35305      4      0     78     85      0      0      0      0 
 20260814    13:05:06       1  35303      4      0    100     72      0      0      0      0 
 20260814    13:05:07       0  35305      4      0     22     26      0      0      0      0 
 20260814    13:05:07       1  35303      4      0     73     76      0      0      0      0 
 20260814    13:05:08       0  35305      4      0     19     17      0      0      0      0 
 20260814    13:05:08       1  35303      4      0     10     12      0      0      0      0 
 20260814    13:05:09       0  35305      4      0     78     62      0      0      0      0 
 20260814    13:05:09       1  35303      4      0     39     33      0      0      0      0 
 20260814    13:05:10       0  35305      4      0    100     75      0      0      0      0 
 20260814    13:05:10       1  35303      4      0    100     81      0      0      0      0 
 20260814    13:05:11       0  35305      4      0    100     77      0      0      0      0 
 20260814    13:05:11       1  35303      4      0    100     75      0      0      0      0 
 20260814    13:05:12       0  35305      4      0    100     72      0      0      0      0 
 20260814    13:05:12       1  35303      4      0    100     73      0      0      0      0 
 20260814    13:05:13       0  35305      4      0    100     72      0      0      0      0 
 20260814    13:05:13       1  35303      4      0    100     74      0      0      0      0 
 20260814    13:05:14       0  35305      4      0    100     71      0      0      0      0 
 20260814    13:05:14       1  35303      4      0    100     73      0      0      0      0 
 20260814    13:05:15       0  35305      4      0    100     71      0      0      0      0 
 20260814    13:05:15       1  35303      4      0    100     68      0      0      0      0 
 20260814    13:05:16       0  35305      4      0    100     61      0      0      0      0 
 20260814    13:05:16       1  35303      4      0    100     70      0      0      0      0 
 20260814    13:05:17       0  35305      4      0    100     34      0      0      0      0 
 20260814    13:05:17       1  35303      4      0    100     54      0      0      0      0 
 20260814    13:05:18       0  35305      4      0    100     17      0      0      0      0 
 20260814    13:05:18       1  35303      4      0    100     21      0      0      0      0 
 20260814    13:05:19       0  35305      4      0     52     62      0      0      0      0 
 20260814    13:05:19       1  35303      4      0    100     92      0      0      0      0 
 20260814    13:05:20       0  35305      4      0     95     75      0      0      0      0 
 20260814    13:05:20       1  35303      4      0    100     75      0      0      0      0 
 20260814    13:05:21       0  35305      4      0    100     78      0      0      0      0 
 20260814    13:05:21       1  35303      4      0    100     69      0      0      0      0 
 20260814    13:05:23       0  35305      4      0    100     77      0      0      0      0 
 20260814    13:05:23       1  35303      4      0    100     68      0      0      0      0 
 20260814    13:05:24       0  35305      4      0    100     73      0      0      0      0 
 20260814    13:05:24       1  35303      4      0    100     70      0      0      0      0 
 20260814    13:05:25       0  35305      4      0    100     70      0      0      0      0 
 20260814    13:05:25       1  35303      4      0    100     74      0      0      0      0 
 20260814    13:05:26       0  35305      4      0    100     72      0      0      0      0 
 20260814    13:05:26       1  35303      4      0    100     73      0      0      0      0 
 20260814    13:05:27       0  35305      4      0    100     59      0      0      0      0 
 20260814    13:05:27       1  35303      4      0    100     30      0      0      0      0 
#Date        Time         gpu     fb   bar1   ccpm     sm    mem    enc    dec    jpg    ofa 
#YYYYMMDD    HH:MM:SS     Idx     MB     MB     MB      %      %      %      %      %      % 
 20260814    13:05:28       0  35305      4      0    100     19      0      0      0      0 
 20260814    13:05:28       1  35303      4      0    100     71      0      0      0      0 
 20260814    13:05:29       0  35305      4      0      5      5      0      0      0      0 
 20260814    13:05:29       1  35303      4      0     67     52      0      0      0      0 
 20260814    13:05:30       0  35305      4      0    100     77      0      0      0      0 
 20260814    13:05:30       1  35303      4      0    100     77      0      0      0      0 
 20260814    13:05:31       0  35305      4      0    100     73      0      0      0      0 
 20260814    13:05:31       1  35303      4      0    100     72      0      0      0      0 
 20260814    13:05:32       0  35305      4      0    100     70      0      0      0      0 
 20260814    13:05:32       1  35303      4      0    100     68      0      0      0      0 
 20260814    13:05:33       0  35305      4      0    100     69      0      0      0      0 
 20260814    13:05:33       1  35303      4      0    100     62      0      0      0      0 
 20260814    13:05:34       0  35305      4      0    100     67      0      0      0      0 
 20260814    13:05:34       1  35303      4      0     83     77      0      0      0      0 
 20260814    13:05:35       0  35305      4      0     31     26      0      0      0      0 
 20260814    13:05:35       1  35303      4      0     91     67      0      0      0      0 
 20260814    13:05:36       0  35305      4      0    100     75      0      0      0      0 
 20260814    13:05:36       1  35303      4      0    100     73      0      0      0      0 
 20260814    13:05:37       0  35305      4      0    100     70      0      0      0      0 
 20260814    13:05:37       1  35303      4      0    100     77      0      0      0      0 
 20260814    13:05:38       0  35305      4      0    100     71      0      0      0      0 
 20260814    13:05:38       1  35303      4      0    100     69      0      0      0      0 
 20260814    13:05:39       0  35305      4      0    100     32      0      0      0      0 
 20260814    13:05:39       1  35303      4      0    100     22      0      0      0      0 
 20260814    13:05:40       0  35305      4      0     54     62      0      0      0      0 
 20260814    13:05:40       1  35303      4      0     47     37      0      0      0      0 
 20260814    13:05:41       0  35305      4      0    100     76      0      0      0      0 
 20260814    13:05:41       1  35303      4      0    100     71      0      0      0      0 
 20260814    13:05:42       0  35305      4      0    100     67      0      0      0      0 
 20260814    13:05:42       1  35303      4      0    100     68      0      0      0      0 
 20260814    13:05:43       0  35305      4      0    100     68      0      0      0      0 
 20260814    13:05:43       1  35303      4      0    100     63      0      0      0      0 
 20260814    13:05:44       0  35305      4      0    100     68      0      0      0      0 
 20260814    13:05:44       1  35303      4      0     52     58      0      0      0      0 
 20260814    13:05:45       0  35305      4      0    100     78      0      0      0      0 
 20260814    13:05:45       1  35303      4      0    100     74      0      0      0      0 
 20260814    13:05:46       0  35305      4      0    100     69      0      0      0      0 
 20260814    13:05:46       1  35303      4      0    100     72      0      0      0      0 
 20260814    13:05:47       0  35305      4      0    100     67      0      0      0      0 
 20260814    13:05:47       1  35303      4      0    100     63      0      0      0      0 
 20260814    13:05:48       0  35305      4      0     50     59      0      0      0      0 
 20260814    13:05:48       1  35303      4      0     32     27      0      0      0      0 
 20260814    13:05:49       0  35305      4      0    100     75      0      0      0      0 
 20260814    13:05:49       1  35303      4      0    100     74      0      0      0      0 
#Date        Time         gpu     fb   bar1   ccpm     sm    mem    enc    dec    jpg    ofa 
#YYYYMMDD    HH:MM:SS     Idx     MB     MB     MB      %      %      %      %      %      % 
 20260814    13:05:50       0  35305      4      0    100     70      0      0      0      0 
 20260814    13:05:50       1  35303      4      0    100     73      0      0      0      0 
 20260814    13:05:51       0  35305      4      0    100     56      0      0      0      0 
 20260814    13:05:51       1  35303      4      0    100     33      0      0      0      0 
 20260814    13:05:52       0  35305      4      0     17     20      0      0      0      0 
 20260814    13:05:52       1  35303      4      0     33     27      0      0      0      0 
 20260814    13:05:53       0  35305      4      0    100     77      0      0      0      0 
 20260814    13:05:53       1  35303      4      0    100     69      0      0      0      0 
 20260814    13:05:54       0  35305      4      0    100     73      0      0      0      0 
 20260814    13:05:54       1  35303      4      0    100     71      0      0      0      0 
 20260814    13:05:55       0  35305      4      0    100     44      0      0      0      0 
 20260814    13:05:55       1  35303      4      0    100     21      0      0      0      0 
 20260814    13:05:56       0  35305      4      0      2      2      0      0      0      0 
 20260814    13:05:56       1  35303      4      0     64     52      0      0      0      0 
 20260814    13:05:57       0  35305      4      0    100     76      0      0      0      0 
 20260814    13:05:57       1  35303      4      0    100     72      0      0      0      0 
 20260814    13:05:58       0  35305      4      0    100     67      0      0      0      0 
 20260814    13:05:58       1  35303      4      0    100     69      0      0      0      0 
 20260814    13:05:59       0  35305      4      0    100     28      0      0      0      0 
 20260814    13:05:59       1  35303      4      0    100     30      0      0      0      0 
 20260814    13:06:00       0  35305      4      0     30     24      0      0      0      0 
 20260814    13:06:00       1  35303      4      0     90     69      0      0      0      0 
 20260814    13:06:01       0  35305      4      0    100     70      0      0      0      0 
 20260814    13:06:01       1  35303      4      0    100     69      0      0      0      0 
 20260814    13:06:02       0  35305      4      0    100     59      0      0      0      0 
 20260814    13:06:02       1  35303      4      0    100     34      0      0      0      0 
 20260814    13:06:03       0  35305      4      0     32     30      0      0      0      0 
 20260814    13:06:03       1  35303      4      0     80     59      0      0      0      0 
 20260814    13:06:04       0  35305      4      0    100     72      0      0      0      0 
 20260814    13:06:04       1  35303      4      0    100     72      0      0      0      0 
 20260814    13:06:05       0  35305      4      0    100     69      0      0      0      0 
 20260814    13:06:05       1  35303      4      0    100     65      0      0      0      0 
 20260814    13:06:06       0  35305      4      0     40     36      0      0      0      0 
 20260814    13:06:06       1  35303      4      0     91     65      0      0      0      0 
 20260814    13:06:07       0  35305      4      0    100     71      0      0      0      0 
 20260814    13:06:07       1  35303      4      0    100     67      0      0      0      0 
 20260814    13:06:08       0  35305      4      0    100     64      0      0      0      0 
 20260814    13:06:08       1  35303      4      0    100     59      0      0      0      0 
 20260814    13:06:09       0  35305      4      0     74     57      0      0      0      0 
 20260814    13:06:09       1  35303      4      0    100     69      0      0      0      0 
 20260814    13:06:10       0  35305      4      0    100     69      0      0      0      0 
 20260814    13:06:10       1  35303      4      0    100     67      0      0      0      0 
 20260814    13:06:11       0  35305      4      0    100     60      0      0      0      0 
 20260814    13:06:11       1  35303      4      0    100     84      0      0      0      0 
#Date        Time         gpu     fb   bar1   ccpm     sm    mem    enc    dec    jpg    ofa 
#YYYYMMDD    HH:MM:SS     Idx     MB     MB     MB      %      %      %      %      %      % 
 20260814    13:06:12       0  35305      4      0    100     75      0      0      0      0 
 20260814    13:06:12       1  35303      4      0    100     71      0      0      0      0 
 20260814    13:06:13       0  35305      4      0    100     68      0      0      0      0 
 20260814    13:06:13       1  35303      4      0    100     65      0      0      0      0 
 20260814    13:06:14       0  35305      4      0    100     40      0      0      0      0 
 20260814    13:06:14       1  35303      4      0     71     58      0      0      0      0 
 20260814    13:06:15       0  35305      4      0    100     74      0      0      0      0 
 20260814    13:06:15       1  35303      4      0    100     68      0      0      0      0 
 20260814    13:06:16       0  35305      4      0    100     67      0      0      0      0 
 20260814    13:06:16       1  35303      4      0    100     65      0      0      0      0 
 20260814    13:06:17       0  35305      4      0    100     23      0      0      0      0 
 20260814    13:06:17       1  35303      4      0     94     63      0      0      0      0 
 20260814    13:06:18       0  35305      4      0     81     65      0      0      0      0 
 20260814    13:06:18       1  35303      4      0    100     71      0      0      0      0 
 20260814    13:06:19       0  35305      4      0    100     73      0      0      0      0 
 20260814    13:06:19       1  35303      4      0    100     69      0      0      0      0 
 20260814    13:06:20       0  35305      4      0    100     67      0      0      0      0 
 20260814    13:06:20       1  35303      4      0    100     66      0      0      0      0 
 20260814    13:06:21       0  35305      4      0     63     64      0      0      0      0 
 20260814    13:06:21       1  35303      4      0     29     27      0      0      0      0 
 20260814    13:06:22       0  35305      4      0    100     72      0      0      0      0 
 20260814    13:06:22       1  35303      4      0    100     70      0      0      0      0 
 20260814    13:06:23       0  35305      4      0    100     67      0      0      0      0 
 20260814    13:06:23       1  35303      4      0    100     68      0      0      0      0 
 20260814    13:06:24       0  35305      4      0     81     62      0      0      0      0 
 20260814    13:06:24       1  35303      4      0     30     36      0      0      0      0 
 20260814    13:06:25       0  35305      4      0    100     70      0      0      0      0 
 20260814    13:06:25       1  35303      4      0    100     66      0      0      0      0 
 20260814    13:06:26       0  35305      4      0    100     69      0      0      0      0 
 20260814    13:06:26       1  35303      4      0    100     43      0      0      0      0 
 20260814    13:06:27       0  35305      4      0     83     64      0      0      0      0 
 20260814    13:06:27       1  35303      4      0    100     68      0      0      0      0 
 20260814    13:06:28       0  35305      4      0    100     67      0      0      0      0 
 20260814    13:06:28       1  35303      4      0    100     67      0      0      0      0 
 20260814    13:06:29       0  35305      4      0      5      6      0      0      0      0 
 20260814    13:06:29       1  35303      4      0     62     47      0      0      0      0 
 20260814    13:06:30       0  35305      4      0    100     66      0      0      0      0 
 20260814    13:06:30       1  35303      4      0    100     67      0      0      0      0 
 20260814    13:06:31       0  35305      4      0     91     81      0      0      0      0 
 20260814    13:06:31       1  35303      4      0     39     47      0      0      0      0 
 20260814    13:06:32       0  35305      4      0    100     69      0      0      0      0 
 20260814    13:06:32       1  35303      4      0    100     67      0      0      0      0 
 20260814    13:06:33       0  35305      4      0    100     62      0      0      0      0 
 20260814    13:06:33       1  35303      4      0    100     73      0      0      0      0 
#Date        Time         gpu     fb   bar1   ccpm     sm    mem    enc    dec    jpg    ofa 
#YYYYMMDD    HH:MM:SS     Idx     MB     MB     MB      %      %      %      %      %      % 
 20260814    13:06:34       0  35305      4      0    100     72      0      0      0      0 
 20260814    13:06:34       1  35303      4      0    100     68      0      0      0      0 
 20260814    13:06:35       0  35305      4      0    100     43      0      0      0      0 
 20260814    13:06:35       1  35303      4      0    100     23      0      0      0      0 
 20260814    13:06:36       0  35305      4      0    100     73      0      0      0      0 
 20260814    13:06:36       1  35303      4      0    100     70      0      0      0      0 
 20260814    13:06:37       0  35305      4      0    100     67      0      0      0      0 
 20260814    13:06:37       1  35303      4      0    100     49      0      0      0      0 
 20260814    13:06:38       0  35305      4      0     33     28      0      0      0      0 
 20260814    13:06:38       1  35303      4      0     93     74      0      0      0      0 
 20260814    13:06:39       0  35305      4      0    100     68      0      0      0      0 
 20260814    13:06:39       1  35303      4      0    100     68      0      0      0      0 
 20260814    13:06:40       0  35305      4      0     71     55      0      0      0      0 
 20260814    13:06:40       1  35303      4      0     42     42      0      0      0      0 
 20260814    13:06:41       0  35305      4      0    100     69      0      0      0      0 
 20260814    13:06:41       1  35303      4      0    100     65      0      0      0      0 
 20260814    13:06:42       0  35305      4      0    100     21      0      0      0      0 
 20260814    13:06:42       1  35303      4      0     88     55      0      0      0      0 
 20260814    13:06:43       0  35305      4      0    100     60      0      0      0      0 
 20260814    13:06:43       1  35303      4      0     90     76      0      0      0      0 
 20260814    13:06:44       0  35305      4      0    100     74      0      0      0      0 
 20260814    13:06:44       1  35303      4      0    100     70      0      0      0      0 
 20260814    13:06:45       0  35305      4      0    100     67      0      0      0      0 
 20260814    13:06:45       1  35303      4      0    100     58      0      0      0      0 
 20260814    13:06:46       0  35305      4      0     13     13      0      0      0      0 
 20260814    13:06:46       1  35303      4      0     69     50      0      0      0      0 
 20260814    13:06:47       0  35305      4      0    100     70      0      0      0      0 
 20260814    13:06:47       1  35303      4      0    100     65      0      0      0      0 
 20260814    13:06:48       0  35305      4      0     86     61      0      0      0      0 
 20260814    13:06:48       1  35303      4      0     33     40      0      0      0      0 
 20260814    13:06:49       0  35305      4      0    100     72      0      0      0      0 
 20260814    13:06:49       1  35303      4      0    100     69      0      0      0      0 
 20260814    13:06:50       0  35305      4      0    100     66      0      0      0      0 
 20260814    13:06:50       1  35303      4      0    100     60      0      0      0      0 
 20260814    13:06:51       0  35305      4      0     71     54      0      0      0      0 
 20260814    13:06:51       1  35303      4      0    100     66      0      0      0      0 
 20260814    13:06:52       0  35305      4      0    100     64      0      0      0      0 
 20260814    13:06:52       1  35303      4      0    100     68      0      0      0      0 
 20260814    13:06:53       0  35305      4      0      0      0      0      0      0      0 
 20260814    13:06:53       1  35303      4      0     50     36      0      0      0      0 
 20260814    13:06:54       0  35305      4      0    100     70      0      0      0      0 
 20260814    13:06:54       1  35303      4      0    100     68      0      0      0      0 
 20260814    13:06:55       0  35305      4      0     47     51      0      0      0      0 
 20260814    13:06:55       1  35303      4      0     74     53      0      0      0      0 
#Date        Time         gpu     fb   bar1   ccpm     sm    mem    enc    dec    jpg    ofa 
#YYYYMMDD    HH:MM:SS     Idx     MB     MB     MB      %      %      %      %      %      % 
 20260814    13:06:56       0  35305      4      0    100     66      0      0      0      0 
 20260814    13:06:56       1  35303      4      0    100     69      0      0      0      0 
 20260814    13:06:57       0  35305      4      0     58     43      0      0      0      0 
 20260814    13:06:57       1  35303      4      0    100     72      0      0      0      0 
 20260814    13:06:58       0  35305      4      0    100     67      0      0      0      0 
 20260814    13:06:58       1  35303      4      0    100     54      0      0      0      0 
 20260814    13:06:59       0  35305      4      0     60     46      0      0      0      0 
 20260814    13:06:59       1  35303      4      0    100     73      0      0      0      0 
 20260814    13:07:00       0  35305      4      0    100     68      0      0      0      0 
 20260814    13:07:00       1  35303      4      0    100     63      0      0      0      0 
 20260814    13:07:01       0  35305      4      0     44     34      0      0      0      0 
 20260814    13:07:01       1  35303      4      0    100     75      0      0      0      0 
 20260814    13:07:02       0  35305      4      0    100     68      0      0      0      0 
 20260814    13:07:02       1  35303      4      0    100     67      0      0      0      0 
 20260814    13:07:03       0  35305      4      0    100     70      0      0      0      0 
 20260814    13:07:03       1  35303      4      0    100     74      0      0      0      0 
 20260814    13:07:04       0  35305      4      0    100     44      0      0      0      0 
 20260814    13:07:04       1  35303      4      0    100     63      0      0      0      0 
 20260814    13:07:05       0  35305      4      0    100     70      0      0      0      0 
 20260814    13:07:05       1  35303      4      0    100     72      0      0      0      0 
 20260814    13:07:06       0  35305      4      0    100     19      0      0      0      0 
 20260814    13:07:06       1  35303      4      0    100     38      0      0      0      0 
 20260814    13:07:07       0  35305      4      0    100     67      0      0      0      0 
 20260814    13:07:07       1  35303      4      0    100     69      0      0      0      0 
 20260814    13:07:08       0  35305      4      0     52     54      0      0      0      0 
 20260814    13:07:08       1  35303      4      0    100     80      0      0      0      0 
 20260814    13:07:09       0  35305      4      0    100     65      0      0      0      0 
 20260814    13:07:09       1  35303      4      0    100     63      0      0      0      0 
 20260814    13:07:10       0  35305      4      0     26     21      0      0      0      0 
 20260814    13:07:10       1  35303      4      0     49     51      0      0      0      0 
 20260814    13:07:11       0  35305      4      0    100     66      0      0      0      0 
 20260814    13:07:11       1  35303      4      0    100     65      0      0      0      0 
 20260814    13:07:12       0  35305      4      0     90     66      0      0      0      0 
 20260814    13:07:12       1  35303      4      0     51     37      0      0      0      0 
 20260814    13:07:13       0  35305      4      0    100     60      0      0      0      0 
 20260814    13:07:13       1  35303      4      0    100     65      0      0      0      0 
 20260814    13:07:14       0  35305      4      0    100     68      0      0      0      0 
 20260814    13:07:14       1  35303      4      0    100     69      0      0      0      0 
 20260814    13:07:15       0  35305      4      0    100     40      0      0      0      0 
 20260814    13:07:15       1  35303      4      0    100     32      0      0      0      0 
 20260814    13:07:16       0  35305      4      0    100     66      0      0      0      0 
 20260814    13:07:16       1  35303      4      0    100     65      0      0      0      0 
 20260814    13:07:17       0  35305      4      0     15     18      0      0      0      0 
 20260814    13:07:17       1  35303      4      0     63     51      0      0      0      0 
#Date        Time         gpu     fb   bar1   ccpm     sm    mem    enc    dec    jpg    ofa 
#YYYYMMDD    HH:MM:SS     Idx     MB     MB     MB      %      %      %      %      %      % 
 20260814    13:07:18       0  35305      4      0    100     66      0      0      0      0 
 20260814    13:07:18       1  35303      4      0    100     68      0      0      0      0 
 20260814    13:07:19       0  35305      4      0    100     72      0      0      0      0 
 20260814    13:07:19       1  35303      4      0     66     49      0      0      0      0 
 20260814    13:07:20       0  35305      4      0    100     62      0      0      0      0 
 20260814    13:07:20       1  35303      4      0    100     67      0      0      0      0 
 20260814    13:07:21       0  35305      4      0    100     67      0      0      0      0 
 20260814    13:07:21       1  35303      4      0    100     74      0      0      0      0 
 20260814    13:07:22       0  35305      4      0    100     60      0      0      0      0 
 20260814    13:07:22       1  35303      4      0    100     65      0      0      0      0 
 20260814    13:07:23       0  35305      4      0    100     69      0      0      0      0 
 20260814    13:07:23       1  35303      4      0    100     63      0      0      0      0 
 20260814    13:07:24       0  35305      4      0     87     56      0      0      0      0 
 20260814    13:07:24       1  35303      4      0    100     25      0      0      0      0 
 20260814    13:07:26       0  35305      4      0    100     65      0      0      0      0 
 20260814    13:07:26       1  35303      4      0    100     71      0      0      0      0 
 20260814    13:07:27       0  35305      4      0     73     54      0      0      0      0 
 20260814    13:07:27       1  35303      4      0     35     27      0      0      0      0 
 20260814    13:07:28       0  35305      4      0    100     66      0      0      0      0 
 20260814    13:07:28       1  35303      4      0    100     67      0      0      0      0 
 20260814    13:07:29       0  35305      4      0    100     67      0      0      0      0 
 20260814    13:07:29       1  35303      4      0    100     72      0      0      0      0 
 20260814    13:07:30       0  35305      4      0     35     42      0      0      0      0 
 20260814    13:07:30       1  35303      4      0     83     53      0      0      0      0 
 20260814    13:07:31       0  35305      4      0    100     65      0      0      0      0 
 20260814    13:07:31       1  35303      4      0    100     70      0      0      0      0 
 20260814    13:07:32       0  35305      4      0    100     65      0      0      0      0 
 20260814    13:07:32       1  35303      4      0    100     64      0      0      0      0 
 20260814    13:07:33       0  35305      4      0     49     50      0      0      0      0 
 20260814    13:07:33       1  35303      4      0     92     75      0      0      0      0 
 20260814    13:07:34       0  35305      4      0    100     66      0      0      0      0 
 20260814    13:07:34       1  35303      4      0    100     69      0      0      0      0 
 20260814    13:07:35       0  35305      4      0     83     58      0      0      0      0 
 20260814    13:07:35       1  35303      4      0     44     32      0      0      0      0 
 20260814    13:07:36       0  35305      4      0    100     43      0      0      0      0 
 20260814    13:07:36       1  35303      4      0    100     30      0      0      0      0 
 20260814    13:07:37       0  35305      4      0    100     65      0      0      0      0 
 20260814    13:07:37       1  35303      4      0    100     65      0      0      0      0 
 20260814    13:07:38       0  35305      4      0    100     68      0      0      0      0 
 20260814    13:07:38       1  35303      4      0     89     63      0      0      0      0 
 20260814    13:07:39       0  35305      4      0     53     52      0      0      0      0 
 20260814    13:07:39       1  35303      4      0     98     78      0      0      0      0 
 20260814    13:07:40       0  35305      4      0    100     64      0      0      0      0 
 20260814    13:07:40       1  35303      4      0    100     65      0      0      0      0 
#Date        Time         gpu     fb   bar1   ccpm     sm    mem    enc    dec    jpg    ofa 
#YYYYMMDD    HH:MM:SS     Idx     MB     MB     MB      %      %      %      %      %      % 
 20260814    13:07:41       0  35305      4      0     51     37      0      0      0      0 
 20260814    13:07:41       1  35303      4      0     12      9      0      0      0      0 
 20260814    13:07:42       0  35305      4      0    100     67      0      0      0      0 
 20260814    13:07:42       1  35303      4      0    100     60      0      0      0      0 
 20260814    13:07:43       0  35305      4      0    100     64      0      0      0      0 
 20260814    13:07:43       1  35303      4      0    100     63      0      0      0      0 
 20260814    13:07:44       0  35305      4      0     83     57      0      0      0      0 
 20260814    13:07:44       1  35303      4      0     44     30      0      0      0      0 
 20260814    13:07:45       0  35305      4      0    100     72      0      0      0      0 
 20260814    13:07:45       1  35303      4      0    100     62      0      0      0      0 
 20260814    13:07:46       0  35305      4      0    100     65      0      0      0      0 
 20260814    13:07:46       1  35303      4      0    100     65      0      0      0      0 
 20260814    13:07:47       0  35305      4      0     77     54      0      0      0      0 
 20260814    13:07:47       1  35303      4      0     36     26      0      0      0      0 
 20260814    13:07:48       0  35305      4      0     25     27      0      0      0      0 
 20260814    13:07:48       1  35303      4      0     60     54      0      0      0      0 
 20260814    13:07:49       0  35305      4      0    100     66      0      0      0      0 
 20260814    13:07:49       1  35303      4      0    100     65      0      0      0      0 
 20260814    13:07:50       0  35305      4      0    100     67      0      0      0      0 
 20260814    13:07:50       1  35303      4      0    100     63      0      0      0      0 
 20260814    13:07:51       0  35305      4      0     84     58      0      0      0      0 
 20260814    13:07:51       1  35303      4      0     46     32      0      0      0      0 
 20260814    13:07:52       0  35305      4      0      2      2      0      0      0      0 
 20260814    13:07:52       1  35303      4      0     45     41      0      0      0      0 
 20260814    13:07:53       0  35305      4      0     90     51      0      0      0      0 
 20260814    13:07:53       1  35303      4      0    100     25      0      0      0      0 
 20260814    13:07:54       0  35305      4      0    100     56      0      0      0      0 
 20260814    13:07:54       1  35303      4      0    100     63      0      0      0      0 
 20260814    13:07:55       0  35305      4      0    100     64      0      0      0      0 
 20260814    13:07:55       1  35303      4      0    100     62      0      0      0      0 
 20260814    13:07:56       0  35305      4      0    100     67      0      0      0      0 
 20260814    13:07:56       1  35303      4      0     91     62      0      0      0      0 
 20260814    13:07:57       0  35305      4      0    100     67      0      0      0      0 
 20260814    13:07:57       1  35303      4      0     82     56      0      0      0      0 
 20260814    13:07:58       0  35305      4      0     21     16      0      0      0      0 
 20260814    13:07:58       1  35303      4      0      0      0      0      0      0      0 
 20260814    13:07:59       0  35305      4      0     34     36      0      0      0      0 
 20260814    13:07:59       1  35303      4      0     77     46      0      0      0      0 
 20260814    13:08:00       0  35305      4      0     57     42      0      0      0      0 
 20260814    13:08:00       1  35303      4      0    100     50      0      0      0      0 
 20260814    13:08:01       0  35305      4      0     68     45      0      0      0      0 
 20260814    13:08:01       1  35303      4      0    100     41      0      0      0      0 
 20260814    13:08:02       0  35305      4      0     38     39      0      0      0      0 
 20260814    13:08:02       1  35303      4      0     81     64      0      0      0      0 
#Date        Time         gpu     fb   bar1   ccpm     sm    mem    enc    dec    jpg    ofa 
#YYYYMMDD    HH:MM:SS     Idx     MB     MB     MB      %      %      %      %      %      % 
 20260814    13:08:03       0  35305      4      0     19     22      0      0      0      0 
 20260814    13:08:03       1  35303      4      0     59     40      0      0      0      0 
 20260814    13:08:04       0  35305      4      0     39     23      0      0      0      0 
 20260814    13:08:04       1  35303      4      0     12     15      0      0      0      0 
 20260814    13:08:05       0  35305      4      0     46     31      0      0      0      0 
 20260814    13:08:05       1  35303      4      0      7      5      0      0      0      0 
 20260814    13:08:06       0  35305      4      0    100     65      0      0      0      0 
 20260814    13:08:06       1  35303      4      0     83     53      0      0      0      0 
 20260814    13:08:07       0  35305      4      0    100     61      0      0      0      0 
 20260814    13:08:07       1  35303      4      0    100     62      0      0      0      0 
 20260814    13:08:08       0  35305      4      0    100     51      0      0      0      0 
 20260814    13:08:08       1  35303      4      0    100     50      0      0      0      0 
 20260814    13:08:09       0  35305      4      0    100     64      0      0      0      0 
 20260814    13:08:09       1  35303      4      0    100     63      0      0      0      0 
 20260814    13:08:10       0  35305      4      0     87     43      0      0      0      0 
 20260814    13:08:10       1  35303      4      0    100     35      0      0      0      0 
 20260814    13:08:11       0  35305      4      0      9      5      0      0      0      0 
 20260814    13:08:11       1  35303      4      0     26     30      0      0      0      0 
 20260814    13:08:12       0  35305      4      0    100     63      0      0      0      0 
 20260814    13:08:12       1  35303      4      0     83     54      0      0      0      0 
 20260814    13:08:13       0  35305      4      0    100     51      0      0      0      0 
 20260814    13:08:13       1  35303      4      0    100     50      0      0      0      0 
 20260814    13:08:14       0  35305      4      0     63     39      0      0      0      0 
 20260814    13:08:14       1  35303      4      0    100     47      0      0      0      0 
 20260814    13:08:15       0  35305      4      0     47     27      0      0      0      0 
 20260814    13:08:15       1  35303      4      0     10      6      0      0      0      0 
 20260814    13:08:16       0  35305      4      0    100     51      0      0      0      0 
 20260814    13:08:16       1  35303      4      0    100     50      0      0      0      0 
 20260814    13:08:17       0  35305      4      0    100     59      0      0      0      0 
 20260814    13:08:17       1  35303      4      0    100     53      0      0      0      0 
 20260814    13:08:18       0  35305      4      0    100     60      0      0      0      0 
 20260814    13:08:18       1  35303      4      0     81     51      0      0      0      0 
 20260814    13:08:19       0  35305      4      0     91     68      0      0      0      0 
 20260814    13:08:19       1  35303      4      0    100     55      0      0      0      0 
 20260814    13:08:20       0  35305      4      0     77     42      0      0      0      0 
 20260814    13:08:20       1  35303      4      0     39     22      0      0      0      0 
 20260814    13:08:21       0  35305      4      0    100     53      0      0      0      0 
 20260814    13:08:21       1  35303      4      0    100     50      0      0      0      0 
 20260814    13:08:22       0  35305      4      0     31     30      0      0      0      0 
 20260814    13:08:22       1  35303      4      0     59     48      0      0      0      0 
 20260814    13:08:23       0  35305      4      0    100     51      0      0      0      0 
 20260814    13:08:23       1  35303      4      0    100     51      0      0      0      0 
 20260814    13:08:24       0  35305      4      0     32     18      0      0      0      0 
 20260814    13:08:24       1  35303      4      0     22     26      0      0      0      0 
#Date        Time         gpu     fb   bar1   ccpm     sm    mem    enc    dec    jpg    ofa 
#YYYYMMDD    HH:MM:SS     Idx     MB     MB     MB      %      %      %      %      %      % 
 20260814    13:08:25       0  35305      4      0    100     54      0      0      0      0 
 20260814    13:08:25       1  35303      4      0    100     50      0      0      0      0 
 20260814    13:08:26       0  35305      4      0     81     52      0      0      0      0 
 20260814    13:08:26       1  35303      4      0     43     28      0      0      0      0 
 20260814    13:08:27       0  35305      4      0    100     61      0      0      0      0 
 20260814    13:08:27       1  35303      4      0    100     59      0      0      0      0 
 20260814    13:08:28       0  35305      4      0    100     50      0      0      0      0 
 20260814    13:08:28       1  35303      4      0     85     44      0      0      0      0 
 20260814    13:08:29       0  35305      4      0     49     41      0      0      0      0 
 20260814    13:08:29       1  35303      4      0     91     65      0      0      0      0 
 20260814    13:08:30       0  35305      4      0    100     46      0      0      0      0 
 20260814    13:08:30       1  35303      4      0    100     51      0      0      0      0 
 20260814    13:08:31       0  35305      4      0    100     61      0      0      0      0 
 20260814    13:08:31       1  35303      4      0     93     60      0      0      0      0 
 20260814    13:08:32       0  35305      4      0     32     30      0      0      0      0 
 20260814    13:08:32       1  35303      4      0     73     55      0      0      0      0 
 20260814    13:08:33       0  35305      4      0    100     69      0      0      0      0 
 20260814    13:08:33       1  35303      4      0    100     53      0      0      0      0 
 20260814    13:08:34       0  35305      4      0    100     42      0      0      0      0 
 20260814    13:08:34       1  35303      4      0    100     49      0      0      0      0 
 20260814    13:08:35       0  35305      4      0    100     49      0      0      0      0 
 20260814    13:08:35       1  35303      4      0    100     51      0      0      0      0 
 20260814    13:08:36       0  35305      4      0    100     50      0      0      0      0 
 20260814    13:08:36       1  35303      4      0     81     42      0      0      0      0 
 20260814    13:08:37       0  35305      4      0    100     49      0      0      0      0 
 20260814    13:08:37       1  35303      4      0    100     52      0      0      0      0 
 20260814    13:08:38       0  35305      4      0    100     49      0      0      0      0 
 20260814    13:08:38       1  35303      4      0    100     51      0      0      0      0 
 20260814    13:08:39       0  35305      4      0    100     41      0      0      0      0 
 20260814    13:08:39       1  35303      4      0    100     47      0      0      0      0 
 20260814    13:08:40       0  35305      4      0     89     44      0      0      0      0 
 20260814    13:08:40       1  35303      4      0    100     40      0      0      0      0 
 20260814    13:08:41       0  35305      4      0     44     27      0      0      0      0 
 20260814    13:08:41       1  35303      4      0     87     42      0      0      0      0 
 20260814    13:08:42       0  35305      4      0     33     19      0      0      0      0 
 20260814    13:08:42       1  35303      4      0     26     25      0      0      0      0 
 20260814    13:08:43       0  35305      4      0     64     33      0      0      0      0 
 20260814    13:08:43       1  35303      4      0     42     34      0      0      0      0 
 20260814    13:08:44       0  35305      4      0     98     50      0      0      0      0 
 20260814    13:08:44       1  35303      4      0     60     31      0      0      0      0 
 20260814    13:08:45       0  35305      4      0    100     51      0      0      0      0 
 20260814    13:08:45       1  35303      4      0    100     50      0      0      0      0 
 20260814    13:08:46       0  35305      4      0     47     25      0      0      0      0 
 20260814    13:08:46       1  35303      4      0     87     42      0      0      0      0 
#Date        Time         gpu     fb   bar1   ccpm     sm    mem    enc    dec    jpg    ofa 
#YYYYMMDD    HH:MM:SS     Idx     MB     MB     MB      %      %      %      %      %      % 
 20260814    13:08:47       0  35305      4      0     64     33      0      0      0      0 
 20260814    13:08:47       1  35303      4      0     25     13      0      0      0      0 
 20260814    13:08:48       0  35305      4      0     34     19      0      0      0      0 
 20260814    13:08:48       1  35303      4      0     30     20      0      0      0      0 
 20260814    13:08:49       0  35305      4      0    100     50      0      0      0      0 
 20260814    13:08:49       1  35303      4      0    100     50      0      0      0      0 
 20260814    13:08:50       0  35305      4      0     34     19      0      0      0      0 
 20260814    13:08:50       1  35303      4      0     40     33      0      0      0      0 
 20260814    13:08:51       0  35305      4      0     46     37      0      0      0      0 
 20260814    13:08:51       1  35303      4      0     86     57      0      0      0      0 
 20260814    13:08:52       0  35305      4      0     88     44      0      0      0      0 
 20260814    13:08:52       1  35303      4      0     49     26      0      0      0      0 
 20260814    13:08:53       0  35305      4      0    100     50      0      0      0      0 
 20260814    13:08:53       1  35303      4      0     80     41      0      0      0      0 
 20260814    13:08:54       0  35305      4      0     84     43      0      0      0      0 
 20260814    13:08:54       1  35303      4      0     44     24      0      0      0      0 
 20260814    13:08:55       0  35305      4      0     83     43      0      0      0      0 
 20260814    13:08:55       1  35303      4      0    100     44      0      0      0      0 
 20260814    13:08:56       0  35305      4      0     84     40      0      0      0      0 
 20260814    13:08:56       1  35303      4      0     45     22      0      0      0      0 
 20260814    13:08:57       0  35305      4      0     67     45      0      0      0      0 
 20260814    13:08:57       1  35303      4      0     86     52      0      0      0      0 
 20260814    13:08:58       0  35309      4      0     79     43      0      0      0      0 
 20260814    13:08:58       1  35307      4      0     67     45      0      0      0      0 
 20260814    13:08:59       0  35309      4      0     39     20      0      0      0      0 
 20260814    13:08:59       1  35307      4      0     27     23      0      0      0      0 
 20260814    13:09:00       0  35309      4      0     97     57      0      0      0      0 
 20260814    13:09:00       1  35307      4      0     99     47      0      0      0      0 
 20260814    13:09:01       0  35309      4      0    100     42      0      0      0      0 
 20260814    13:09:01       1  35307      4      0     95     45      0      0      0      0 
 20260814    13:09:02       0  35309      4      0     32     26      0      0      0      0 
 20260814    13:09:02       1  35307      4      0     70     44      0      0      0      0 
 20260814    13:09:03       0  35309      4      0     58     38      0      0      0      0 
 20260814    13:09:03       1  35307      4      0     98     56      0      0      0      0 
 20260814    13:09:04       0  35309      4      0     52     35      0      0      0      0 
 20260814    13:09:04       1  35307      4      0     93     54      0      0      0      0 
 20260814    13:09:05       0  35309      4      0     48     32      0      0      0      0 
 20260814    13:09:05       1  35307      4      0     58     37      0      0      0      0 
 20260814    13:09:06       0  35309      4      0     62     38      0      0      0      0 
 20260814    13:09:06       1  35307      4      0     97     53      0      0      0      0 
 20260814    13:09:07       0  35309      4      0     89     45      0      0      0      0 
 20260814    13:09:07       1  35307      4      0     49     24      0      0      0      0 
 20260814    13:09:08       0  35309      4      0     78     42      0      0      0      0 
 20260814    13:09:08       1  35307      4      0     39     25      0      0      0      0 
#Date        Time         gpu     fb   bar1   ccpm     sm    mem    enc    dec    jpg    ofa 
#YYYYMMDD    HH:MM:SS     Idx     MB     MB     MB      %      %      %      %      %      % 
 20260814    13:09:09       0  35309      4      0     53     24      0      0      0      0 
 20260814    13:09:09       1  35307      4      0     79     36      0      0      0      0 
 20260814    13:09:10       0  35309      4      0     50     29      0      0      0      0 
 20260814    13:09:10       1  35307      4      0     66     38      0      0      0      0 
 20260814    13:09:11       0  35309      4      0     66     42      0      0      0      0 
 20260814    13:09:11       1  35307      4      0     54     32      0      0      0      0 
 20260814    13:09:12       0  35309      4      0      0      0      0      0      0      0 
 20260814    13:09:12       1  35307      4      0      0      0      0      0      0      0 
 20260814    13:09:13       0  35309      4      0      0      0      0      0      0      0 
 20260814    13:09:13       1  35307      4      0      0      0      0      0      0      0 
 20260814    13:09:14       0  35309      4      0      0      0      0      0      0      0 
 20260814    13:09:14       1  35307      4      0      0      0      0      0      0      0 
 20260814    13:09:15       0  35309      4      0      0      0      0      0      0      0 
 20260814    13:09:15       1  35307      4      0      0      0      0      0      0      0 
 20260814    13:09:16       0  35309      4      0      0      0      0      0      0      0 
 20260814    13:09:16       1  35307      4      0      0      0      0      0      0      0 
 20260814    13:09:17       0  35309      4      0      0      0      0      0      0      0 
 20260814    13:09:17       1  35307      4      0      0      0      0      0      0      0 
 20260814    13:09:18       0      0      1      0      0      0      0      0      0      0 
 20260814    13:09:18       1      0      1      0      0      0      0      0      0      0 
 20260814    13:09:19       0      0      1      0    100      8      0      0      0      0 
 20260814    13:09:19       1      0      1      0    100      7      0      0      0      0 
 20260814    13:09:20       0      0      1      0      0      0      0      0      0      0 
 20260814    13:09:20       1      0      1      0      0      0      0      0      0      0 
 20260814    13:09:21       0      0      1      0      0      0      0      0      0      0 
 20260814    13:09:21       1      0      1      0      0      0      0      0      0      0 
 20260814    13:09:22       0      0      1      0      0      0      0      0      0      0 
 20260814    13:09:22       1      0      1      0      0      0      0      0      0      0 
